>> exa020805_residuez

r =

    1.0000
    0.2000
    0.5000


p =

    1.0000
    0.5000
    0.2000


k =

     []


b1 =

    1.7000   -1.6900    0.3900


a1 =

    1.0000   -1.7000    0.8000   -0.1000


r =

   -0.1153
   -0.2366


p =

    0.6299
    0.3642


k =

    0.9402   -0.2564